3 5 6 7 
7 6 5 3 
3 7 
7 3 
3 5 6 7 
7 6 5 3 
3 5 6 7 
7 6 5 3 
3 5 6 7 
7 6 5 3 
3 7 
7 3 
3 5 6 7 
7 6 5 3 
3 5 6 7 
7 6 5 3 
3 5 6 7 
7 6 5 3 
3 5 6 7 
7 6 5 3 
3 5 6 7 
7 6 5 3 
3 5 6 7 
7 6 5 3 
3 5 6 7 
7 6 5 3 
3 5 6 7 
7 6 5 3 
3 5 6 7 
7 6 5 3 
3 5 6 7 
7 6 5 3 
3 5 6 7 
7 6 5 3 
3 5 6 7 
7 6 5 3 
3 5 6 7 
7 6 5 3 
3 5 6 7 
7 6 5 3 
3 5 6 7 
7 6 5 3 
3 5 6 7 
7 6 5 3 
3 5 6 7 
7 6 5 3 
7 
7 
3 5 6 7 
7 6 5 3 
7 
7 
3 5 6 7 
7 6 5 3 
6 7 
7 6 
3 5 6 7 
7 6 5 3 
6 7 
7 6 
3 6 15 17 
17 15 6 3 
3 6 15 17 
17 15 6 3 
3 6 15 17 
17 15 6 3 
3 6 15 17 
17 15 6 3 
3 6 15 17 
17 15 6 3 
3 6 15 17 
17 15 6 3 
3 6 15 17 
17 15 6 3 
3 17 
17 3 
3 6 15 17 
17 15 6 3 
17 
17 
3 6 15 17 
17 15 6 3 
17 
17 
6 10 15 18 
18 15 10 6 
6 10 18 
18 10 6 
3 9 13 18 
18 13 9 3 
3 9 13 
13 9 3 
1 3 5 11 
11 5 3 1 
1 3 5 11 
11 5 3 1 
4 14 15 
15 14 4 
4 15 
15 4 
6 9 11 19 
19 11 9 6 
9 11 19 
19 11 9 
4 5 13 15 
15 13 5 4 
4 13 
13 4 
